50
200 200 200 500
35 47
3 14
46 14
49 27
12 22
24 26
50 29
32 7
3 43
45 48
50 30
38 5
35 4
43 42
37 15
34 30
7 7
26 42
11 41
14 1
37 26
3 21
20 30
10 32
1 45
9 31
44 17
46 50
5 13
34 24
39 44
4 36
46 2
45 26
49 4
32 6
7 35
5 44
7 19
20 36
30 12
39 34
17 7
22 44
32 13
13 36
44 13
24 16
27 15
27 50
37 27
18 34
15 13
22 28
15 9
23 24
36 35
35 46
9 38
43 13
47 5
42 9
10 16
3 35
38 21
29 23
25 7
35 42
47 38
11 19
26 28
29 4
40 5
39 30
47 31
44 30
6 6
45 6
23 15
41 16
27 7
34 36
4 45
35 19
39 14
31 32
35 17
3 47
22 38
4 28
10 4
38 27
22 16
9 9
5 1
30 2
15 36
49 5
36 3
31 12
33 3
47 26
11 16
38 24
34 50
35 6
12 41
2 38
15 4
42 19
7 41
49 23
14 2
48 41
46 37
49 35
9 33
12 34
14 18
17 5
30 24
11 20
13 44
1 27
12 13
42 6
1 34
48 32
45 9
27 3
36 9
19 1
36 32
1 2
43 17
33 39
33 23
2 4
46 21
43 19
5 32
35 24
17 8
38 11
17 38
14 50
14 17
8 13
16 39
40 18
31 36
21 24
8 8
39 25
31 47
9 36
48 12
26 18
8 15
17 48
18 26
39 28
23 33
27 4
17 15
12 48
11 23
27 16
23 42
29 3
24 49
18 36
45 50
26 44
40 11
5 30
7 28
49 7
7 13
14 15
30 36
14 12
10 46
10 35
20 26
18 14
24 1
41 50
13 35
2 46
3 27
23 35
32 43
12 9
26 27
7 20
26 38
37 11
29 15
38 49
41 27
34 39
33 26
6 38
15 47
5 22
34 18
33 2
20 49
27 13
4 12
19 30
35 41
45 47
2 5
41 47
2 44
37 48
46 46
9 16
14 30
39 49
39 16
29 48
36 46
27 36
33 17
15 38
1 12
45 35
1 24
20 31
14 26
20 34
11 48
10 2
10 17
13 50
48 17
19 44
30 34
40 42
4 25
39 29
10 45
30 45
26 3
47 29
14 3
26 43
48 31
33 36
21 20
20 47
11 15
9 22
46 12
2 34
10 9
30 25
19 8
35 7
43 10
5 35
13 41
7 38
36 34
40 20
33 24
10 23
43 35
16 4
26 33
48 44
46 5
12 25
28 40
37 47
40 41
35 8
6 10
47 18
25 37
22 22
13 16
34 33
3 4
25 45
6 14
36 14
15 10
41 44
19 25
26 6
19 50
22 13
23 19
42 29
20 46
30 49
49 46
30 19
40 24
36 49
29 38
6 23
20 1
13 1
5 49
14 14
2 18
30 18
24 42
23 1
39 5
7 18
24 38
46 1
42 18
3 28
26 35
25 9
21 28
6 3
48 30
11 34
45 42
21 31
35 31
20 43
14 38
33 28
2 48
5 29
44 32
44 20
28 4
48 28
12 40
4 10
3 13
47 2
26 37
36 20
44 44
41 31
48 8
49 15
9 44
22 5
35 13
41 23
28 2
11 33
21 47
46 19
14 11
31 38
5 33
8 20
39 4
40 45
12 45
35 14
26 7
40 30
11 9
23 7
50 20
39 12
37 3
13 30
44 18
8 17
29 45
32 19
13 42
11 8
26 15
34 35
47 43
33 12
29 6
14 25
19 5
43 38
42 48
6 15
7 40
45 43
16 32
34 10
3 1
18 28
15 42
7 23
6 34
30 23
42 36
3 48
32 12
43 31
43 36
23 27
40 48
48 19
43 23
31 49
21 39
48 34
12 3
37 50
25 33
2 40
50 35
36 29
2 47
1 31
36 8
26 32
49 1
9 30
22 3
36 4
22 7
49 48
6 1
19 35
34 44
26 29
43 28
38 17
15 23
12 36
44 9
4 47
7 39
45 17
15 43
33 7
47 19
50 47
17 26
4 17
25 6
33 45
43 2
34 2
19 21
33 14
36 36
8 50
3 26
31 11
21 8
21 21
5 19
47 34
41 42
46 45
9 4
38 7
16 17
50 21
37 29
13 32
46 6
10 26
33 4
6 21
30 37
6 11
23 32
47 39
13 2
24 6
48 20
21 11
24 7
45 45
3 10
24 23
33 49
34 5
46 40
49 43
29 30
17 50
48 40
23 3
5 47
21 37
31 41
48 49
36 10
23 21
19 24
32 23
11 14
10 11
